pode_ir(1, 2, 1000)
pode_ir(2, 1, 1000)
pode_ir(1, 3, 700)
pode_ir(3, 1, 700)
pode_ir(2, 4, 300)
pode_ir(4, 2, 300)
pode_ir(5, 2, 1100)
pode_ir(2, 6, 400)
pode_ir(6, 2, 400)
pode_ir(3, 7, 200)
pode_ir(7, 3, 200)
pode_ir(7, 5, 400)
pode_ir(5, 7, 400)
pode_ir(4, 8, 300)
pode_ir(8, 4, 300)
pode_ir(8, 9, 200)
pode_ir(9, 8, 200)
pode_ir(9, 10, 500)
pode_ir(10, 1, 20)
pode_ir(6, 4, 500)
pode_ir(1, 5, 620)
pode_ir(4, 10, 950)
pode_ir(1, 10, 20)
h(1, 2, 700)
h(1, 3, 450)
h(1, 4, 400)
h(1, 5, 500)
h(1, 6, 700)
h(1, 7, 400)
h(1, 8, 1000)
h(1, 9, 850)
h(1, 10, 10)
h(2, 3, 920)
h(2, 4, 200)
h(2, 5, 700)
h(2, 6, 250)
h(2, 7, 700)
h(2, 8, 600)
h(2, 9, 1000)
h(2, 10, 500)
h(3, 4, 1100)
h(3, 5, 650)
h(3, 6, 1400)
h(3, 7, 150)
h(3, 8, 1450)
h(3, 9, 1350)
h(3, 10, 850)
h(4, 5, 800)
h(4, 6, 350)
h(4, 7, 900)
h(4, 8, 190)
h(4, 9, 400)
h(4, 10, 600)
h(5, 6, 650)
h(5, 7, 320)
h(5, 8, 1100)
h(5, 9, 1200)
h(5, 10, 940)
h(6, 7, 840)
h(6, 8, 720)
h(6, 9, 820)
h(6, 10, 937)
h(7, 8, 1600)
h(7, 9, 1700)
h(7, 10, 1200)
h(8, 9, 180)
h(8, 10, 350)
h(9, 10, 495)